22.0 8.485281 8.485281 -4.250189
3.99847 5.518325 5.797967 2.582377
4.996164 6.99785 7.134762 6.961586
19.020467 8.283229 8.708416 -7.750716
6.979615 8.603248 8.372326 9.838566
17.051474 40.747741 8.846061 18.34944
16.265122 37.305088 10.118606 23.152849
15.79014 34.118645 12.703595 21.698564
15.528252 6.020866 15.397961 -20.054475
13.998699 33.240239 14.223323 14.420072
13.406527 31.612397 13.644994 14.19324
12.890537 30.243217 12.259065 18.13659
12.647677 28.923941 11.020359 20.887626
12.747651 27.845489 10.001114 22.090789
13.259741 27.103756 9.220314 22.09723
14.29972 24.145843 8.662443 18.318357
15.620295 16.318516 8.256761 10.325237
27.968589 14.882884 7.869483 0.790796
26.904793 16.171098 7.397517 3.050497
25.676747 16.737751 6.959769 4.242001
24.391931 16.88278 6.552903 1.208569
23.317281 17.751136 6.123341 0.200003
22.305578 18.858266 5.685786 6.673794
20.96239 18.165868 5.331926 7.394418
19.647843 17.376359 5.024018 7.325795
18.394766 16.674543 4.75668 6.853021
17.204628 16.10175 4.524641 5.941424
16.072536 15.686771 4.31899 4.808376
14.986219 15.423946 4.130954 4.318057
13.9238 15.208042 23.819633 -7.374224
13.04071 15.144511 23.576271 -7.575935
12.177742 13.62194 23.408223 -10.8043
11.406112 12.106614 24.161671 -11.9873
10.699811 10.722124 25.702499 -17.661243
10.224622 9.418224 31.11641 -29.49236
10.409758 8.316128 29.775341 -27.463388
10.949059 7.546419 28.99551 -23.948027
11.827163 7.004899 28.694964 -20.199341
13.061794 6.616702 20.650521 -18.897042
15.130896 6.369681 16.249777 -22.211393
20.447084 6.354621 13.205897 -18.805814
25.324577 6.488794 11.578116 -12.69141
24.116272 6.654595 10.777496 -12.411665
23.043911 6.96752 10.075087 -11.484248
17.959158 24.31437 6.792233 16.890329
21.131809 6.800946 10.380965 -13.195179
19.875103 10.137719 6.914048 1.542578
20.87114 10.009607 7.007036 1.596558
21.868703 9.894256 7.091818 0.390639
22.868456 9.863876 7.115491 -0.264206
23.86859 9.874662 7.109114 -0.342497
24.868854 9.887878 7.101739 0.034652
25.86882 9.876318 7.112569 1.028102
26.868095 9.807814 7.164124 2.973431
12.134962 7.05131 9.970608 -19.112515
