0 0 22.0 8.485281 8.485281 3.400299
0.0 0.99824 21.005866 8.32237 8.65815 3.857664
0.019726 1.995779 20.022046 8.121972 8.896413 4.156918
0.061802 2.99226 19.049675 7.891893 9.203267 4.294324
0.127932 3.987257 18.088124 7.639472 9.579811 4.267735
0.21888 4.980329 17.135096 7.371251 10.023859 4.076705
0.334461 5.971079 16.186921 37.139435 10.528513 17.097134
0.467682 6.917558 15.51989 34.586171 12.426482 17.889367
0.692033 7.842385 15.02028 32.467662 15.551701 16.774665
1.011838 8.744843 14.629426 30.84202 14.102854 17.816459
1.414691 9.607451 14.440499 29.474941 12.77823 18.474158
1.901585 10.421406 14.488517 28.37802 11.693811 18.80558
2.470619 11.177902 14.826062 27.544225 10.827933 18.929514
3.117167 11.868364 15.545388 24.7653 10.160593 18.253377
3.837441 12.487314 16.718324 13.884784 9.669097 10.89355
4.644962 13.046058 29.601357 12.651861 9.225307 6.246945
5.496425 13.559058 28.013544 12.904226 8.781548 7.375512
6.363893 14.039704 26.419623 12.756268 8.392234 8.012343
7.249801 14.482126 24.878982 12.436096 8.059531 8.283467
8.154696 14.882638 23.418659 12.062066 7.78357 8.277739
9.077794 15.239236 22.045771 11.68926 7.56298 8.057692
10.017459 15.551296 20.756245 11.341042 7.395214 7.66777
10.971575 15.819362 19.540348 11.025974 7.276672 7.139939
11.937826 16.044997 18.386007 10.746202 7.202637 6.497743
12.913902 16.230655 17.280742 10.501499 7.167126 5.759388
13.897648 16.379567 16.21277 10.291191 25.97549 -15.045554
14.85679 16.492084 15.461993 11.810589 27.54897 -16.571758
15.795493 16.685706 14.862301 14.292632 30.366247 -18.651824
16.701037 16.964464 14.472226 14.320298 35.572605 -23.850069
17.541497 17.325204 14.530825 12.841254 33.678635 -23.650521
18.326869 17.796652 14.949022 11.744953 32.401488 -23.4966
19.042986 18.369557 15.858721 10.959825 31.638555 -23.367459
19.677231 19.033199 17.517877 10.448421 10.847462 -0.520836
20.266477 19.841101 16.586904 9.856722 14.380052 -4.88467
20.851166 20.647878 16.232829 9.310563 15.363725 -6.644628
21.410981 21.468376 16.165421 8.811595 15.272593 -7.07446
21.938256 22.309098 16.250449 8.356303 14.964812 -7.16393
22.430477 23.170589 16.470837 7.943033 14.619889 -7.129127
22.886495 24.051863 16.839222 7.570586 14.279296 -7.023211
23.305762 24.951455 17.381144 7.237828 13.954436 -6.865097
23.688145 25.867695 18.133997 6.943644 13.648159 -6.667042
24.033858 26.798825 19.151289 6.686985 13.359989 -6.444816
24.343416 27.743057 20.513058 6.467038 13.087241 -6.22716
24.617545 28.698613 21.9473 6.283643 12.824424 -6.099156
24.857002 29.663689 20.783363 6.13892 12.558048 -6.229745
25.062078 30.636401 19.652259 6.040491 12.261174 -6.378706
25.231787 31.615613 18.552103 5.993384 11.936612 -6.548897
25.365071 32.600106 17.481292 6.004014 11.586553 -6.742536
25.460794 33.588566 16.438501 6.080625 11.212802 -6.960977
25.517732 34.579561 15.422664 6.233909 10.816949 -7.20454
25.534582 35.571522 25.579408 10.930268 6.16391 -3.544369
25.5098 36.569302 26.596756 11.137894 6.080187 -4.241259
25.4645 37.565534 27.633392 11.381477 6.008125 -5.025659
